V0amplitude,792.7704880823954
V0center,1443.910089642709
V0sigma,0.29041733134538655
V1amplitude,5832.617909248955
V1center,1444.4264133022302
V1sigma,0.39955843483996123
V0gamma,0.013738059249247295
V0fwhm,0.6986830054876842
V0height,1049.1029298806927
V1gamma,0.17174391625537663
V1fwhm,1.1379927079645284
V1height,4262.305107398271
Chi Squared,4752088.481318116
Reduced Chi Squared,27468.719545191423
AIC,1857.7831888388519
BIC,1883.3711650889784
#############DATA#############
Energy,Raw_Data,Fit,Background,Peaks1,Peaks2
1434.61,393.69,446.85581452831525,443.4911169629042,443.5313166462915,446.8156148449279
1434.7099999999998,412.367,447.1102095255207,443.67551686064905,443.71659783409774,447.069128552072
1434.81,478.999,446.97313571689403,443.46623713168066,443.50822872712786,446.93114412144683
1434.9099999999999,492.025,446.7599524197941,443.1785428335227,443.22147570057257,446.71701955274426
1435.01,438.908,446.8621693743195,443.20384435973966,443.24775054057613,446.818263193483
1435.11,468.446,446.7920427353633,443.0542930983875,443.09920610786276,446.747129725888
1435.2099999999998,456.65,446.79353711944026,442.9737431193785,443.01969803069886,446.74758220811987
1435.31,412.467,447.05906010456914,443.1544852867256,443.20151882319794,447.0120265680968
1435.4099999999999,447.522,447.1208246247294,443.1286092346272,443.17675986797207,447.0726739913846
1435.51,461.514,447.1025280478202,443.0196819934955,443.0689900492826,447.0532199920331
1435.61,454.029,447.1310601710882,442.9544554967806,443.0049632675972,447.08055240027164
1435.7099999999998,429.388,447.3084693408303,443.0348321719435,443.08658403896595,447.2567174738079
1435.81,460.09,447.3078841381735,442.93378605356514,442.9868286172718,447.2548415744669
1435.9099999999999,460.549,447.3075730676966,442.82942185112177,442.8838040719604,447.25319084685793
1436.01,459.145,447.31872783512483,442.7327575529563,442.78853090286367,447.26295448521745
1436.11,452.32,447.37369602843955,442.6759563755708,442.7331750013342,447.3164774026762
1436.2099999999998,426.327,447.5864735813945,442.7728184314156,442.83153933097276,447.5277526818373
1436.31,397.189,447.97681209816983,443.04288718743476,443.1031704003256,447.9165288852789
1436.4099999999999,417.172,448.25493380380084,443.19616347178106,443.2580722850959,448.193024990486
1436.51,461.01,448.2790495968653,443.09062249710865,443.1542236684273,448.2154484255467
1436.61,399.113,448.6743213959259,443.3511750829167,443.41653908189875,448.6089573969439
1436.7099999999998,423.185,448.93384858355415,443.4706528706435,443.5378541411198,448.86664731307786
1436.81,443.264,449.08073824651603,443.47187721874246,443.5409944633694,449.0116210018891
1436.9099999999999,395.086,449.51899467332623,443.75854722618317,443.8296637159634,449.447878183546
1437.01,404.776,449.9077869121961,443.9895056730331,444.06270958427956,449.83458300094964
1437.11,408.91,450.2800514412974,444.1973399138527,444.27272469548177,450.20466665966836
1437.2099999999998,430.938,450.5300092747134,444.2758970289729,444.3535618033673,450.45234450031904
1437.31,404.498,450.9444519442404,444.51156765312965,444.5916176542131,450.86440194315696
1437.4099999999999,399.913,451.3952570233781,444.7757991243372,444.858346176963,451.31270997075234
1437.51,369.969,452.03329944752755,445.21900418038285,445.30416722566383,451.9481364022466
1437.61,403.449,452.48437082156073,445.4664773638233,445.554383035636,452.39646514974805
1437.7099999999998,408.093,452.9186902208442,445.6879026070259,445.7786858656135,452.8279069622566
1437.81,393.415,453.4511564477014,445.99760191981926,446.09140674921855,453.35735161830206
1437.9099999999999,376.06,454.0987752270088,446.4119586183203,446.5089387952597,454.00179505006935
1438.01,376.411,454.75793697959995,446.8266906818566,446.9270106248422,454.65761703661434
1438.11,371.422,455.46100902865305,447.2734380336955,447.3772737422394,455.3571733201091
1438.2099999999998,348.865,456.31305339189606,447.8564748298814,447.9640149252712,456.2055132965062
1438.31,351.529,457.16630610030506,448.4271826177531,448.5386294984417,457.05485921961645
1438.4099999999999,391.985,457.79771726524945,448.76158349451583,448.877154621179,457.6821461385863
1438.51,379.79,458.5188355788103,449.17021684431666,449.29014617193405,458.3989062511929
1438.61,360.785,459.3715471400388,449.69386942296603,449.81840899999656,459.24700756300825
1438.7099999999998,374.758,460.16234911057427,450.1378391494594,450.2672609073861,460.03292735264756
1438.81,370.531,460.9999085572736,450.6094827932085,450.7440805535225,460.86531079695953
1438.9099999999999,373.632,461.84240750626736,451.0655483833728,451.20564011357305,461.7023157760671
1439.01,391.2,462.60561362921317,451.4202315279916,451.56616188354826,462.45968327365654
1439.11,378.73,463.46861778624344,451.85089659225537,452.0030397879141,463.31647459058473
1439.2099999999998,390.026,464.292964221972,452.21718820627154,452.3759512677927,464.13420116045086
1439.31,378.694,465.2144289491036,452.6527882493811,452.81861470611534,465.04860249236935
1439.4099999999999,387.397,466.1170352014289,453.03940673049533,453.2127808204633,465.9436611114609
1439.51,365.481,467.1844606466429,453.5581607012464,453.7396121740903,467.00300917379894
1439.61,398.834,468.0928786521401,453.8823828295185,454.07249244942693,467.90276903223173
1439.7099999999998,386.457,469.11523018499764,454.2818554109595,454.48126128220457,468.9158243137526
1439.81,374.693,470.2518499622485,454.7533924602502,454.96279732331067,470.04244509918806
1439.9099999999999,402.226,471.27427761564303,455.06459945948137,455.28477913713795,471.05409793798646
1440.01,438.968,472.1314108472554,455.159966287344,455.3917794993076,471.8995976352918
1440.11,385.923,473.35888089863573,455.5701718648743,455.8145716786433,473.1144810848667
1440.2099999999998,399.508,474.56937324611334,455.9023212201615,456.1603684678238,474.3113259984511
1440.31,407.982,475.79901414715374,456.18623284789794,456.4591119173923,475.5261350776594
1440.4099999999999,420.95,477.0280456348404,456.39499552077035,456.68403303094806,476.7390081246627
1440.51,446.975,478.18680442405383,456.4508056838247,456.757492682633,477.8801174252455
1440.61,430.322,479.53653469618274,456.6056099050019,456.9316283990209,479.2105162021638
1440.7099999999998,435.698,480.9579696905198,456.72948029254655,457.07673513750126,480.6107148455651
1440.81,461.245,482.3436954569691,456.7027271996512,457.0733846743825,481.9730379822377
1440.9099999999999,486.111,483.71105221177913,456.5284929282713,456.92502770591904,483.3145174341314
1441.01,470.472,485.31564440336024,456.4458821697219,456.8711349282742,484.8903916448079
1441.11,475.041,487.05756282100646,456.3357121751876,456.79296081153376,486.6003141846603
1441.2099999999998,505.899,488.80352950646824,456.042066203952,456.53511461474824,488.310481095672
1441.31,511.155,490.73089250423345,455.71554044024606,456.2488302352495,490.19760270923
1441.4099999999999,527.583,492.80508637696505,455.2897497487364,455.8685022613279,492.2263338643736
1441.51,582.115,494.83788929635085,454.5383526655543,455.16875152480867,494.20749043709657
1441.61,524.557,497.53749636844634,454.1235155388501,454.81294435675045,496.848067550546
1441.7099999999998,506.999,500.72498330933684,453.8102458581112,454.56760207460275,499.96762709284525
1441.81,566.94,504.010768510272,453.13998993085727,453.97610593976503,503.1746525013642
1441.9099999999999,490.107,508.2888741325347,452.9209725672657,453.84919142753125,507.3606552722691
1442.01,485.661,513.2412113784476,452.72699863349584,453.76397886085846,512.204231151085
1442.11,520.231,518.7750519278185,452.32705985757957,453.4939330935311,517.6081786918669
1442.2099999999998,501.734,525.3836585218802,452.0343400489212,453.3584480729548,524.0595504978467
1442.31,489.967,533.2674953127685,451.80960146148004,453.32730294208676,531.7497938321618
1442.4099999999999,481.95,542.7326707041491,451.6310293740582,453.3928962616324,540.9708038165749
1442.51,503.245,554.0705686052521,451.32523358947515,453.40780229792273,551.9879998968045
1442.61,522.086,567.985332928283,450.90599947183784,453.4436751845708,565.4476572155501
1442.7099999999998,562.47,585.4379124220252,450.24501992500547,453.5236076670229,582.1593246800078
1442.81,579.834,608.4019336885456,449.47724842633136,454.1998693768148,603.6793127380621
1442.9099999999999,603.711,640.116532042048,448.5634649393681,456.5348251900734,632.1451717913427
1443.01,710.59,686.0342676546514,447.0110455275053,462.66246579804084,670.3828473841158
1443.11,804.355,756.6340517410387,444.8939025169236,478.10985512624995,723.4180991317123
1443.2099999999998,895.743,868.5688219225838,442.22277303446674,512.4257081780263,798.3658867790242
1443.31,1197.87,1043.5860425521626,437.7458173784502,577.7440137364367,903.5878461941761
1443.4099999999999,1503.48,1307.0568006031237,431.43170104134475,687.445704192461,1051.0427974520076
1443.51,2005.62,1676.1972194285813,422.1051654854322,845.4300682081605,1252.872316705853
1443.61,2663.69,2148.9598488159227,408.82453047716496,1037.3616997734996,1520.4226795195882
1443.7099999999998,3273.52,2696.479429312999,391.8521750574407,1226.8761635079431,1861.4554408624965
1443.81,3807.61,3265.222802170282,371.6149610020402,1362.4190632531127,2274.4186999192098
1443.9099999999999,4028.88,3794.379722083407,349.9468981604536,1399.04977991008,2745.276840333781
1444.01,4038.57,4234.156453015158,328.0930494025931,1319.0998580212804,3243.1496443964716
1444.11,3968.43,4556.937066747177,306.52527984536044,1141.890173580564,3721.572173011973
1444.2099999999998,3960.55,4753.49901212889,284.8764149053544,913.7968054044926,4124.578621629752
1444.31,4337.46,4819.443072028686,260.8662231142527,684.5326283218953,4395.776666821043
1444.4099999999999,4766.97,4750.168300539757,234.16907715211264,490.43783283103903,4493.899544860831
1444.51,4948.61,4542.488210702768,206.23760390723865,346.39905957835856,4402.326755031648
1444.61,4805.0,4202.542149615369,178.99148699773963,249.28582481691757,4132.247811796192
1444.7099999999998,4169.03,3754.1489502734144,155.3518539186048,188.61321930946215,3720.887584882557
1444.81,3358.02,3236.031755943505,136.37712484366563,152.04900648674607,3220.3598743004245
1444.9099999999999,2531.35,2695.134653300484,122.18771796466379,130.1677629391332,2687.1546083260146
1445.01,1761.42,2176.375814696733,112.47581932101062,117.20215824082157,2171.649475776922
1445.11,1164.81,1713.4954081524522,106.24109406644263,109.5214499874051,1710.2150522314898
1445.2099999999998,796.41,1325.158018507165,102.15207596813988,104.69075473284619,1322.6193397424588
1445.31,550.96,1016.3426596327236,99.49304031737294,101.57627915642354,1014.2594207936729
1445.4099999999999,385.991,781.5064089082498,97.79563648527265,99.55799923299504,779.7440461605274
1445.51,304.887,608.9078143155613,96.56868996569665,98.08677854982464,607.3897257314334
1445.61,239.358,485.1217321323825,95.72271143483948,97.04713074654919,483.7973128206728
1445.7099999999998,225.165,397.23329500922597,94.9558095077964,96.12293798794026,396.0661665290821
1445.81,209.873,334.79658886886057,94.27496389108242,95.31215653646197,333.759396223481
1445.9099999999999,179.375,289.99149442724695,93.77077486204536,94.69917267141933,289.06309661787293
1446.01,164.322,257.1191424734371,93.35278263360983,94.18905097586652,256.2828741311804
1446.11,147.994,232.38756406142465,93.0290518376428,93.78653891266637,231.63007698640104
1446.2099999999998,131.518,213.29247971299355,92.80101779119458,93.49055992365751,212.60293758053064
1446.31,143.08,198.03237257236339,92.50313176871221,93.13362945289819,197.4018748881774
1446.4099999999999,117.612,185.75178848372116,92.35437018540611,92.93320943986856,185.17294922925873
1446.51,110.754,175.62244203775646,92.24535857769875,92.77872495107619,175.08907566437904
1446.61,116.999,167.07284906058226,92.09870159369358,92.59181796726628,166.57973268700954
1446.7099999999998,124.925,159.74293736942684,91.90421683914778,92.36152608314877,159.28562812542586
1446.81,113.691,153.49086357651035,91.77513749051835,92.20044453715492,153.0655565298738
1446.9099999999999,128.023,147.97471203425695,91.56038112283635,91.9569647266431,147.57812843045022
1447.01,132.512,143.106337227948,91.31775658511438,91.68845813963763,142.73563567342472
1447.11,112.152,138.91908229513336,91.19432071446802,91.54161549391765,138.57178751568375
1447.2099999999998,114.216,135.19081466139775,91.05792502404692,91.38397981533112,134.86475987011355
1447.31,99.8972,131.9463633676193,91.00555529745351,91.31227538824764,131.63964327682518
1447.4099999999999,103.057,129.0241422063567,90.93415454830217,91.22322231440643,128.73507444025242
1447.51,90.4753,126.4693450032108,90.93687310410482,91.20977991065514,126.19643819666047
1447.61,106.551,124.07297782341084,90.8443646641075,91.10243740372711,123.81490508379123
1447.7099999999998,118.752,121.82438919983474,90.67902133181089,90.92344462977846,121.57996590186717
1447.81,104.551,119.85182920895129,90.5968345331553,90.82866942816712,119.61999431393946
1447.9099999999999,91.5989,118.12494565177812,90.59089763091616,90.811097371028,117.90474591166627
1448.01,110.55,116.43523815655192,90.47264667677842,90.68207014007245,116.22581469325789
1448.11,109.691,114.88236119964574,90.3587844112184,90.55820755986943,114.68293805099471
1448.2099999999998,87.9198,113.57558378242558,90.3732345696414,90.56336026722266,113.38545808484433
1448.31,112.439,112.22875265280997,90.24250234751285,90.42396880733635,112.04728619298649
1448.4099999999999,103.376,111.02898724922885,90.16469080052458,90.33807888365477,110.85559916609866
1448.51,109.554,109.87673258123837,90.04981567958117,90.21565522197162,109.71089303884793
1448.61,104.627,108.82918971790241,89.9634507762919,90.12222609306838,108.67041440112592
1448.7099999999998,88.015,107.94840525705523,89.97499468910398,90.12714937867409,107.79625056748512
1448.81,73.875,107.21383509788991,90.07038172793439,90.2163228780582,107.06789394776612
1448.9099999999999,86.546,106.46140227859195,90.09126249978677,90.23136438100346,106.32130039737524
1449.01,93.897,105.71710493803245,90.06871478659308,90.2033221046935,105.58249761993203
1449.11,102.269,104.9701182852035,89.99643220861054,90.12586297657506,104.84068751723896
1449.2099999999998,83.5335,104.37671992319542,90.03472290119184,90.15927098170364,104.25217184268362
1449.31,84.2751,103.81856473245544,90.06884672304531,90.18878408496771,103.69862737053306
1449.4099999999999,86.3521,103.28448364107099,90.09086719213244,90.20644591790969,103.16890491529372
1449.51,99.8905,102.70359428540321,90.03280766970619,90.1442617452728,102.5921402098366
1449.61,113.399,102.07298138679035,89.89437085648451,90.0019177707599,101.96543447251496
1449.7099999999998,95.2633,101.57728598741043,89.86256175971533,89.96640393696562,101.47344381016015
1449.81,94.6468,101.11120533675104,89.83421675939593,89.93454284453894,101.01087925160805
1449.9099999999999,123.23,100.49982196451634,89.63635800206056,89.73334401627397,100.40283595030293
1450.01,116.19,99.9514248673695,89.4790366251099,89.5728470067938,99.8576144856856
1450.11,114.703,99.43175066370299,89.32959314609353,89.42038169027042,99.3409621195261
1450.2099999999998,93.5021,99.0561817465724,89.30487244934329,89.39278315689612,98.96827103901958
1450.31,75.4783,98.80529795538864,89.38679022865394,89.47195807536002,98.72013010868254
1450.4099999999999,103.248,98.40719782879366,89.30466723367331,89.3872188677522,98.32464619471477
1450.51,87.3392,98.11856984109404,89.31631196379051,89.3963663396151,98.03851546526946
1450.61,82.4155,97.87385855505352,89.35719694728326,89.4348659019806,97.79618960035617
1450.7099999999998,86.3796,97.61963511516677,89.37483820444905,89.45022698331755,97.54424633629827
1450.81,90.3224,97.35501825701012,89.36922421943011,89.4424319554059,97.28181052103434
1450.9099999999999,96.2872,97.06708882877031,89.32823754459723,89.39935769639911,96.99596867696843
1451.01,102.953,96.75074409787342,89.24751542016331,89.31663617321895,96.68162334481777
1451.11,87.4878,96.53618347925618,89.25794114007536,89.3251457738719,96.46897884545965
1451.2099999999998,86.1718,96.3394849245299,89.27622548506825,89.34159271016767,96.27411769943048
1451.31,97.0511,96.08785565280377,89.23016197428049,89.29376624188728,96.02425138519696
1451.4099999999999,104.245,95.80220534736935,89.14120412093693,89.20311590759492,95.74029356071136
1451.51,94.3562,95.58298410112337,89.11030702828701,89.17059309800916,95.52269803140122
1451.61,96.8117,95.35693060977137,89.06467887129108,89.123402517185,95.29820696387745
1451.7099999999998,91.6804,95.16846991348679,89.0491816053241,89.10640287256291,95.11124864624799
1451.81,90.5762,94.99351428562782,89.04013453600778,89.0959104278076,94.93773839382801
1451.9099999999999,89.4271,94.83198838310904,89.03784189592447,89.09222656402245,94.77760371501105
1452.01,100.345,94.61208499931158,88.97085079647368,89.02389571745225,94.55904007833301
1452.11,87.9337,94.47130740582764,88.97699556525822,89.02874970392902,94.41955326715684
1452.2099999999998,83.8542,94.36041619446885,89.00734640169695,89.05785636264042,94.30990623352538
1452.31,88.2141,94.22926436896498,89.01204611906385,89.06135628731538,94.17995420071345
1452.4099999999999,100.42,94.03094353546011,88.9444578386888,88.99261051046878,93.98279086368014
1452.51,91.216,93.89161725812866,88.93099971738441,88.97803522168552,93.84458175382755
1452.61,81.1803,93.81629485872973,88.97691999999937,89.02287681176924,93.77033804695988
