BE/eV	PE: 1486.61 eV
1095.86	3415.52
1094.86	3351.79
1093.86	3436.78
1092.86	3419.19
1091.86	3442.84
1090.86	3451.22
1089.86	3524.3
1088.86	3511.45
1087.86	3492.03
1086.86	3520.88
1085.86	3592.59
1084.86	3571.36
1083.86	3563.82
1082.86	3598.79
1081.86	3520.56
1080.86	3542.98
1079.86	3433.47
1078.86	3484.06
1077.86	3536.67
1076.86	3615.93
1075.86	3522.29
1074.86	3682.43
1073.86	3667.92
1072.86	3749.47
1071.86	3723.75
1070.86	3598.17
1069.86	3589.34
1068.86	3728.81
1067.86	3690.22
1066.86	3784.13
1065.86	3733.44
1064.86	3733.69
1063.86	3652.76
1062.86	3720.34
1061.86	3821.08
1060.86	3749.83
1059.86	3900.35
1058.86	3681.24
1057.86	3755.69
1056.86	3744.68
1055.86	3741.33
1054.86	3845.49
1053.86	3866.61
1052.86	3742.13
1051.86	3769.22
1050.86	3854.63
1049.86	3842.22
1048.86	3781.95
1047.86	3857.58
1046.86	3892.11
1045.86	3901.33
1044.86	3892.19
1043.86	3942.36
1042.86	3902.77
1041.86	3923.78
1040.86	3831.1
1039.86	3934.74
1038.86	3808.99
1037.86	3935.94
1036.86	3987.16
1035.86	4088.07
1034.86	3998.05
1033.86	4031.81
1032.86	4040.74
1031.86	4072.2
1030.86	4037.47
1029.86	4000.91
1028.86	4039.3
1027.86	4062.1
1026.86	4111.44
1025.86	4184.59
1024.86	4034.13
1023.8599999999999	4068.43
1022.8599999999999	4136.33
1021.8599999999999	4170.22
1020.8599999999999	4172.96
1019.8599999999999	4173.01
1018.8599999999999	4109.39
1017.8599999999999	4160.94
1016.8599999999999	4173.41
1015.8599999999999	4139.37
1014.8599999999999	4208.36
1013.8599999999999	4228.45
1012.8599999999999	4215.16
1011.8599999999999	4299.47
1010.8599999999999	4280.55
1009.8599999999999	4309.52
1008.8599999999999	4167.7
1007.8599999999999	4227.65
1006.8599999999999	4369.01
1005.8599999999999	4340.32
1004.8599999999999	4380.49
1003.8599999999999	4422.66
1002.8599999999999	4363.57
1001.8599999999999	4362.59
1000.8599999999999	4390.09
999.8599999999999	4329.79
998.8599999999999	4410.94
997.8599999999999	4549.55
996.8599999999999	4399.61
995.8599999999999	4369.31
994.8599999999999	4567.4
993.8599999999999	4575.45
992.8599999999999	4507.44
991.8599999999999	4493.8
990.8599999999999	4565.82
989.8599999999999	4558.76
988.8599999999999	4621.28
987.8599999999999	4505.36
986.8599999999999	4421.7
985.8599999999999	4583.64
984.8599999999999	4537.69
983.8599999999999	4509.86
982.8599999999999	4650.13
981.8599999999999	4655.59
980.8599999999999	4632.15
979.8599999999999	4536.95
978.8599999999999	4687.11
977.8599999999999	4749.65
976.8599999999999	4688.39
975.8599999999999	4772.34
974.8599999999999	4723.26
973.8599999999999	4712.16
972.8599999999999	4800.39
971.8599999999999	4816.63
970.8599999999999	4821.98
969.8599999999999	4870.08
968.8599999999999	4778.69
967.8599999999999	4675.3
966.8599999999999	4606.96
965.8599999999999	4720.45
964.8599999999999	4684.16
963.8599999999999	4713.87
962.8599999999999	4718.92
961.8599999999999	4635.18
960.8599999999999	4581.7
959.8599999999999	4694.8
958.8599999999999	4545.72
957.8599999999999	4715.84
956.8599999999999	4628.11
955.8599999999999	4809.76
954.8599999999999	4851.21
953.8599999999999	4706.59
952.8599999999999	4646.15
951.8599999999999	4682.58
950.8599999999999	4800.33
949.8599999999999	4886.34
948.8599999999999	4726.91
947.8599999999999	4747.26
946.8599999999999	4740.89
945.8599999999999	4805.33
944.8599999999999	4888.7
943.8599999999999	4894.07
942.8599999999999	4856.88
941.8599999999999	4864.92
940.8599999999999	4902.3
939.8599999999999	4797.85
938.8599999999999	4880.27
937.8599999999999	4888.86
936.8599999999999	4909.3
935.8599999999999	4975.79
934.8599999999999	4962.28
933.8599999999999	5002.88
932.8599999999999	5080.12
931.8599999999999	5028.87
930.8599999999999	4948.31
929.8599999999999	5066.17
928.8599999999999	5045.81
927.8599999999999	5126.84
926.8599999999999	5027.0
925.8599999999999	5080.17
924.8599999999999	5046.21
923.8599999999999	5011.39
922.8599999999999	4974.42
921.8599999999999	4992.38
920.8599999999999	5049.88
919.8599999999999	5029.41
918.8599999999999	4997.7
917.8599999999999	5111.44
916.8599999999999	5052.57
915.8599999999999	5090.83
914.8599999999999	5047.5
913.8599999999999	5085.62
912.8599999999999	5156.7
911.8599999999999	5090.73
910.8599999999999	5102.94
909.8599999999999	5106.83
908.8599999999999	5104.82
907.8599999999999	5205.4
906.8599999999999	5188.02
905.8599999999999	5088.43
904.8599999999999	5280.8
903.8599999999999	5217.14
902.8599999999999	5201.42
901.8599999999999	5079.83
900.8599999999999	5140.19
899.8599999999999	5263.47
898.8599999999999	5270.03
897.8599999999999	5310.72
896.8599999999999	5277.1
895.8599999999999	5366.3
894.8599999999999	5330.05
893.8599999999999	5210.57
892.8599999999999	5341.29
891.8599999999999	5394.94
890.8599999999999	5358.96
889.8599999999999	5289.19
888.8599999999999	5385.42
887.8599999999999	5477.88
886.8599999999999	5568.15
885.8599999999999	5469.64
884.8599999999999	5372.05
883.8599999999999	5378.97
882.8599999999999	5514.36
881.8599999999999	5367.06
880.8599999999999	5395.2
879.8599999999999	5385.98
878.8599999999999	5542.82
877.8599999999999	5467.34
876.8599999999999	5493.31
875.8599999999999	5553.29
874.8599999999999	5496.1
873.8599999999999	5581.89
872.8599999999999	5573.07
871.8599999999999	5609.8
870.8599999999999	5548.21
869.8599999999999	5575.75
868.8599999999999	5553.07
867.8599999999999	5689.44
866.8599999999999	5718.66
865.8599999999999	5743.58
864.8599999999999	5660.11
863.8599999999999	5642.3
862.8599999999999	5691.05
861.8599999999999	5768.81
860.8599999999999	5655.86
859.8599999999999	5722.72
858.8599999999999	5671.32
857.8599999999999	5795.97
856.8599999999999	5722.38
855.8599999999999	5763.24
854.8599999999999	5790.63
853.8599999999999	5707.95
852.8599999999999	5739.68
851.8599999999999	5598.55
850.8599999999999	5798.46
849.8599999999999	5862.32
848.8599999999999	5888.43
847.8599999999999	5846.12
846.8599999999999	5891.58
845.8599999999999	5877.16
844.8599999999999	5784.32
843.8599999999999	5916.78
842.8599999999999	5841.92
841.8599999999999	5832.2
840.8599999999999	5926.65
839.8599999999999	6003.69
838.8599999999999	5874.13
837.8599999999999	5929.27
836.8599999999999	5875.7
835.8599999999999	5963.76
834.8599999999999	5887.11
833.8599999999999	5938.92
832.8599999999999	5932.3
831.8599999999999	5947.82
830.8599999999999	5993.58
829.8599999999999	5989.48
828.8599999999999	5933.07
827.8599999999999	6090.74
826.8599999999999	6086.34
825.8599999999999	5982.53
824.8599999999999	5950.17
823.8599999999999	6113.59
822.8599999999999	6164.98
821.8599999999999	6116.2
820.8599999999999	6182.11
819.8599999999999	5991.14
818.8599999999999	6110.08
817.8599999999999	6118.62
816.8599999999999	6147.39
815.8599999999999	5983.74
814.8599999999999	6119.02
813.8599999999999	6053.37
812.8599999999999	6247.65
811.8599999999999	6285.16
810.8599999999999	6192.18
809.8599999999999	6341.87
808.8599999999999	6242.18
807.8599999999999	6329.6
806.8599999999999	6227.72
805.8599999999999	6281.42
804.8599999999999	6232.28
803.8599999999999	6265.65
802.8599999999999	6273.81
801.8599999999999	6285.97
800.8599999999999	6364.36
799.8599999999999	6444.66
798.8599999999999	6484.83
797.8599999999999	6441.57
796.8599999999999	6287.52
795.8599999999999	6277.73
794.8599999999999	6371.03
793.8599999999999	6541.09
792.8599999999999	6432.04
791.8599999999999	6471.27
790.8599999999999	6475.63
789.8599999999999	6399.81
788.8599999999999	6477.93
787.8599999999999	6487.09
786.8599999999999	6432.83
785.8599999999999	6505.29
784.8599999999999	6574.27
783.8599999999999	6568.86
782.8599999999999	6690.03
781.8599999999999	6680.64
780.8599999999999	6591.43
779.8599999999999	6573.4
778.8599999999999	6680.27
777.8599999999999	6547.71
776.8599999999999	6564.24
775.8599999999999	6594.45
774.8599999999999	6648.51
773.8599999999999	6672.66
772.8599999999999	6765.12
771.8599999999999	6661.59
770.8599999999999	6732.26
769.8599999999999	6741.54
768.8599999999999	6809.4
767.8599999999999	6639.67
766.8599999999999	6672.55
765.8599999999999	6774.15
764.8599999999999	6826.28
763.8599999999999	6903.99
762.8599999999999	6851.23
761.8599999999999	6897.13
760.8599999999999	6876.36
759.8599999999999	6796.87
758.8599999999999	7000.44
757.8599999999999	6906.84
756.8599999999999	6828.59
755.8599999999999	6887.77
754.8599999999999	6940.91
753.8599999999999	6979.07
752.8599999999999	6869.2
751.8599999999999	6843.38
750.8599999999999	6927.22
749.8599999999999	6989.9
748.8599999999999	6866.9
747.8599999999999	6913.53
746.8599999999999	7021.3
745.8599999999999	6978.2
744.8599999999999	6894.21
743.8599999999999	7028.59
742.8599999999999	7029.26
741.8599999999999	7108.02
740.8599999999999	6990.31
739.8599999999999	7062.55
738.8599999999999	7011.9
737.8599999999999	7069.01
736.8599999999999	7131.52
735.8599999999999	7069.61
734.8599999999999	7130.96
733.8599999999999	7102.91
732.8599999999999	7228.28
731.8599999999999	7367.49
730.8599999999999	7351.17
729.8599999999999	7152.34
728.8599999999999	7195.77
727.8599999999999	7319.71
726.8599999999999	7303.06
725.8599999999999	7228.26
724.8599999999999	7297.62
723.8599999999999	7343.52
722.8599999999999	7288.88
721.8599999999999	7424.68
720.8599999999999	7369.32
719.8599999999999	7345.53
718.8599999999999	7227.52
717.8599999999999	7286.61
716.8599999999999	7472.45
715.8599999999999	7466.72
714.8599999999999	7503.56
713.8599999999999	7553.85
712.8599999999999	7353.92
711.8599999999999	7405.42
710.8599999999999	7599.87
709.8599999999999	7617.88
708.8599999999999	7422.67
707.8599999999999	7448.63
706.8599999999999	7282.62
705.8599999999999	7481.43
704.8599999999999	7499.64
703.8599999999999	7482.26
702.8599999999999	7576.93
701.8599999999999	7562.85
700.8599999999999	7604.65
699.8599999999999	7608.92
698.8599999999999	7468.48
697.8599999999999	7683.02
696.8599999999999	7640.36
695.8599999999999	7755.58
694.8599999999999	7700.11
693.8599999999999	7787.86
692.8599999999999	7837.62
691.8599999999999	7960.96
690.8599999999999	7785.21
689.8599999999999	7669.06
688.8599999999999	7717.56
687.8599999999999	7687.76
686.8599999999999	7852.38
685.8599999999999	7686.69
684.8599999999999	7728.56
683.8599999999999	7873.0
682.8599999999999	7724.91
681.8599999999999	7799.51
680.8599999999999	7866.23
679.8599999999999	7850.75
678.8599999999999	7784.93
677.8599999999999	7983.19
676.8599999999999	7967.9
675.8599999999999	8013.84
674.8599999999999	8151.16
673.8599999999999	7941.31
672.8599999999999	7988.88
671.8599999999999	7996.66
670.8599999999999	7867.42
669.8599999999999	7992.9
668.8599999999999	8002.27
667.8599999999999	8088.11
666.8599999999999	7953.86
665.8599999999999	7975.12
664.8599999999999	7961.43
663.8599999999999	7937.31
662.8599999999999	8013.43
661.8599999999999	7960.74
660.8599999999999	8159.18
659.8599999999999	8039.12
658.8599999999999	7987.56
657.8599999999999	7965.28
656.8599999999999	8113.71
655.8599999999999	8146.1
654.8599999999999	8311.18
653.8599999999999	8381.49
652.8599999999999	8193.6
651.8599999999999	8243.61
650.8599999999999	8350.19
649.8599999999999	8316.14
648.8599999999999	8166.1
647.8599999999999	8335.5
646.8599999999999	8295.66
645.8599999999999	8211.51
644.8599999999999	8217.04
643.8599999999999	8142.41
642.8599999999999	8231.32
641.8599999999999	8204.86
640.8599999999999	8307.22
639.8599999999999	8210.48
638.8599999999999	8337.38
637.8599999999999	8317.2
636.8599999999999	8480.55
635.8599999999999	8400.62
634.8599999999999	8415.2
633.8599999999999	8394.67
632.8599999999999	8561.58
631.8599999999999	8587.75
630.8599999999999	8274.71
629.8599999999999	8463.51
628.8599999999999	8502.83
627.8599999999999	8449.78
626.8599999999999	8478.97
625.8599999999999	8613.94
624.8599999999999	8555.21
623.8599999999999	8591.55
622.8599999999999	8679.06
621.8599999999999	8717.91
620.8599999999999	8663.63
619.8599999999999	8722.89
618.8599999999999	8716.77
617.8599999999999	8577.78
616.8599999999999	8629.73
615.8599999999999	8702.13
614.8599999999999	8768.8
613.8599999999999	8758.0
612.8599999999999	8770.86
611.8599999999999	8865.94
610.8599999999999	8969.02
609.8599999999999	8878.22
608.8599999999999	8824.03
607.8599999999999	8745.73
606.8599999999999	8821.14
605.8599999999999	8918.48
604.8599999999999	8777.06
603.8599999999999	8943.61
602.8599999999999	8948.5
601.8599999999999	8837.38
600.8599999999999	8888.36
599.8599999999999	8982.06
598.8599999999999	9012.92
597.8599999999999	8997.85
596.8599999999999	9098.02
595.8599999999999	9018.64
594.8599999999999	8918.84
593.8599999999999	9075.89
592.8599999999999	9105.21
591.8599999999999	9261.77
590.8599999999999	9250.73
589.8599999999999	9138.44
588.8599999999999	9206.52
587.8599999999999	9246.02
586.8599999999999	9337.96
585.8599999999999	9460.29
584.8599999999999	9396.67
583.8599999999999	9436.16
582.8599999999999	9383.89
581.8599999999999	9381.72
580.8599999999999	9310.58
579.8599999999999	9403.96
578.8599999999999	9438.41
577.8599999999999	9329.45
576.8599999999999	9235.39
575.8599999999999	9319.8
574.8599999999999	9564.12
573.8599999999999	9663.81
572.8599999999999	9445.21
571.8599999999999	9674.8
570.8599999999999	9579.09
569.8599999999999	9569.86
568.8599999999999	9610.28
567.8599999999999	9723.24
566.8599999999999	9731.7
565.8599999999999	9707.69
564.8599999999999	9730.26
563.8599999999999	9862.8
562.8599999999999	9757.33
561.8599999999999	9810.38
560.8599999999999	9799.22
559.8599999999999	9895.04
558.8599999999999	10026.7
557.8599999999999	9843.43
556.8599999999999	9896.21
555.8599999999999	10006.3
554.8599999999999	9880.82
553.8599999999999	10023.5
552.8599999999999	10171.9
551.8599999999999	10041.8
550.8599999999999	9976.22
549.8599999999999	10199.6
548.8599999999999	10135.9
547.8599999999999	10197.5
546.8599999999999	10298.0
545.8599999999999	10130.5
544.8599999999999	10094.4
543.8599999999999	9991.83
542.8599999999999	10122.6
541.8599999999999	10104.4
540.8599999999999	10095.2
539.8599999999999	10108.9
538.8599999999999	10269.1
537.8599999999999	10404.2
536.8599999999999	10456.8
535.8599999999999	10406.7
534.8599999999999	10511.6
533.8599999999999	10601.0
532.8599999999999	10730.4
531.8599999999999	10735.5
530.8599999999999	10853.3
529.8599999999999	10694.1
528.8599999999999	10856.8
527.8599999999999	10957.7
526.8599999999999	10915.3
525.8599999999999	10665.4
524.8599999999999	10578.0
523.8599999999999	10598.9
522.8599999999999	10352.4
521.8599999999999	10342.1
520.8599999999999	10365.3
519.8599999999999	10731.3
518.8599999999999	10764.6
517.8599999999999	10651.5
516.8599999999999	10649.0
515.8599999999999	10925.0
514.8599999999999	10773.5
513.8599999999999	10863.1
512.8599999999999	10812.3
511.8599999999999	10757.3
510.8599999999999	10813.3
509.8599999999999	10726.6
508.8599999999999	10839.6
507.8599999999999	10658.8
506.8599999999999	10620.3
505.8599999999999	10778.1
504.8599999999999	10836.2
503.8599999999999	10800.5
502.8599999999999	10919.4
501.8599999999999	10902.4
500.8599999999999	11092.9
499.8599999999999	11150.6
498.8599999999999	11115.2
497.8599999999999	10959.5
496.8599999999999	10991.5
495.8599999999999	11064.4
494.8599999999999	11032.2
493.8599999999999	11167.8
492.8599999999999	11238.0
491.8599999999999	11029.6
490.8599999999999	10884.1
489.8599999999999	10972.9
488.8599999999999	11102.7
487.8599999999999	11297.1
486.8599999999999	11336.1
485.8599999999999	11250.4
484.8599999999999	11129.4
483.8599999999999	11196.2
482.8599999999999	11299.9
481.8599999999999	11331.8
480.8599999999999	11404.1
479.8599999999999	11328.2
478.8599999999999	11488.8
477.8599999999999	11454.3
476.8599999999999	11654.6
475.8599999999999	11535.9
474.8599999999999	11495.3
473.8599999999999	11525.7
472.8599999999999	11664.9
471.8599999999999	11564.4
470.8599999999999	11527.0
469.8599999999999	11408.0
468.8599999999999	11688.7
467.8599999999999	11634.5
466.8599999999999	11551.7
465.8599999999999	11693.6
464.8599999999999	11660.4
463.8599999999999	11707.3
462.8599999999999	11776.9
461.8599999999999	11577.0
460.8599999999999	11531.1
459.8599999999999	11415.4
458.8599999999999	11324.6
457.8599999999997	11321.5
456.8599999999997	11599.6
455.8599999999997	11567.3
454.8599999999997	11616.0
453.8599999999997	11461.9
452.8599999999997	11295.9
451.8599999999997	11053.1
450.8599999999997	10788.1
449.8599999999997	10760.4
448.8599999999997	10549.4
447.8599999999997	10493.2
446.8599999999997	10463.4
445.8599999999997	10506.0
444.8599999999997	10386.7
443.8599999999997	10279.7
442.8599999999997	10493.1
441.8599999999997	10588.6
440.8599999999997	10654.4
439.8599999999997	10606.1
438.8599999999997	10625.8
437.8599999999997	10644.3
436.8599999999997	10571.2
435.8599999999997	10580.7
434.8599999999997	10577.4
433.8599999999997	10539.9
432.8599999999997	10658.1
431.8599999999997	10661.3
430.8599999999997	10766.7
429.8599999999997	10682.0
428.8599999999997	10924.1
427.8599999999997	11041.3
426.8599999999997	10873.8
425.8599999999997	11027.2
424.8599999999997	10806.4
423.8599999999997	10405.5
422.8599999999997	10669.8
421.8599999999997	10481.8
420.8599999999997	10690.7
419.8599999999997	10647.8
418.8599999999997	10340.2
417.8599999999997	10336.8
416.8599999999997	10368.5
415.8599999999997	10312.3
414.8599999999997	10073.2
413.8599999999997	10323.4
412.8599999999997	10279.2
411.8599999999997	10297.3
410.8599999999997	10155.0
409.8599999999997	10456.0
408.8599999999997	10559.7
407.8599999999997	10431.4
406.8599999999997	10467.1
405.8599999999997	10375.9
404.8599999999997	10541.6
403.8599999999997	10708.5
402.8599999999997	10825.3
401.8599999999997	10718.3
400.8599999999997	10581.0
399.8599999999997	10767.5
398.8599999999997	10757.5
397.8599999999997	10692.1
396.8599999999997	10630.9
395.8599999999997	10690.6
394.8599999999997	10866.8
393.8599999999997	10895.4
392.8599999999997	11056.4
391.8599999999997	11101.2
390.8599999999997	10971.4
389.8599999999997	11016.0
388.8599999999997	11329.2
387.8599999999997	11232.3
386.8599999999997	11526.3
385.8599999999997	11486.1
384.8599999999997	11315.2
383.8599999999997	11272.8
382.8599999999997	11290.2
381.8599999999997	11279.0
380.8599999999997	11154.3
379.8599999999997	11216.9
378.8599999999997	11098.2
377.8599999999997	11189.2
376.8599999999997	11298.7
375.8599999999997	11300.6
374.8599999999997	11358.5
373.8599999999997	11465.4
372.8599999999997	11475.7
371.8599999999997	11587.4
370.8599999999997	11935.1
369.8599999999997	12105.5
368.8599999999997	12213.4
367.8599999999997	12466.0
366.8599999999997	12412.6
365.8599999999997	12044.0
364.8599999999997	11342.2
363.8599999999997	11051.7
362.8599999999997	10377.4
361.8599999999997	10199.9
360.8599999999997	10274.2
359.8599999999997	10478.1
358.8599999999997	10798.3
357.8599999999997	11072.0
356.8599999999997	11335.9
355.8599999999997	11245.3
354.8599999999997	10865.4
353.8599999999997	10397.7
352.8599999999997	10126.3
351.8599999999997	9864.14
350.8599999999997	9683.05
349.8599999999997	9491.15
348.8599999999997	9321.65
347.8599999999997	9245.98
346.8599999999997	9141.08
345.8599999999997	8986.45
344.8599999999997	8767.49
343.8599999999997	8944.87
342.8599999999997	8924.8
341.8599999999997	8737.32
340.8599999999997	8839.68
339.8599999999997	8972.84
338.8599999999997	9067.22
337.8599999999997	8978.14
336.8599999999997	9087.73
335.8599999999997	9252.57
334.8599999999997	9372.26
333.8599999999997	9590.07
332.8599999999997	9968.81
331.8599999999997	9960.14
330.8599999999997	10050.1
329.8599999999997	9785.27
328.8599999999997	9173.72
327.8599999999997	8958.97
326.8599999999997	8895.97
325.8599999999997	8886.99
324.8599999999997	8996.9
323.8599999999997	8911.87
322.8599999999997	8972.91
321.8599999999997	8948.29
320.8599999999997	8876.17
319.8599999999997	8850.19
318.8599999999997	8690.24
317.8599999999997	8538.72
316.8599999999997	8521.15
315.8599999999997	8488.14
314.8599999999997	8580.96
313.8599999999997	8584.01
312.8599999999997	8592.71
311.8599999999997	8666.44
310.8599999999997	8563.14
309.8599999999997	8593.79
308.8599999999997	8748.45
307.8599999999997	8767.08
306.8599999999997	8764.87
305.8599999999997	8891.2
304.8599999999997	8947.44
303.8599999999997	8954.2
302.8599999999997	8794.67
301.8599999999997	8805.86
300.8599999999997	8909.21
299.8599999999997	8931.65
298.8599999999997	8883.39
297.8599999999997	9139.23
296.8599999999997	9154.12
295.8599999999997	9237.55
294.8599999999997	9229.13
293.8599999999997	9146.91
292.8599999999997	9411.21
291.8599999999997	9174.16
290.8599999999997	9162.78
289.8599999999997	9155.13
288.8599999999997	8975.35
287.8599999999997	8963.66
286.8599999999997	9282.49
285.8599999999997	9444.17
284.8599999999997	9513.04
283.8599999999997	9576.53
282.8599999999997	9870.63
281.8599999999997	10208.5
280.8599999999997	10389.5
279.8599999999997	10320.4
278.8599999999997	10151.7
277.8599999999997	10487.7
276.8599999999997	10542.8
275.8599999999997	10636.9
274.8599999999997	10487.7
273.8599999999997	10406.1
272.8599999999997	10045.3
271.8599999999997	9583.85
270.8599999999997	9404.71
269.8599999999997	9174.79
268.8599999999997	8945.61
267.8599999999997	8859.55
266.8599999999997	8583.4
265.8599999999997	8787.35
264.8599999999997	8900.9
263.8599999999997	9099.97
262.8599999999997	9077.09
261.8599999999997	9644.88
260.8599999999997	10176.2
259.8599999999997	11432.6
258.8599999999997	13586.0
257.8599999999997	15601.1
256.8599999999997	14470.7
255.85999999999967	11853.2
254.85999999999967	10070.1
253.85999999999967	9415.18
252.85999999999967	8592.15
251.85999999999967	7424.37
250.85999999999967	6094.77
249.85999999999967	5480.71
248.85999999999967	5143.36
247.85999999999967	5027.33
246.85999999999967	4942.48
245.85999999999967	5131.93
244.85999999999967	5059.32
243.85999999999967	5192.93
242.85999999999967	5217.92
241.85999999999967	5497.45
240.85999999999967	5569.02
239.85999999999967	5574.96
238.85999999999967	5385.59
237.85999999999967	5227.88
236.85999999999967	5057.03
235.85999999999967	4870.49
234.85999999999967	4778.98
233.85999999999967	4885.45
232.85999999999967	4667.66
231.85999999999967	4539.56
230.85999999999967	4546.17
229.85999999999967	4566.04
228.85999999999967	4649.67
227.85999999999967	4815.84
226.85999999999967	4924.94
225.85999999999967	5142.71
224.85999999999967	5332.67
223.85999999999967	6197.79
222.85999999999967	7596.03
221.85999999999967	8234.41
220.85999999999967	7259.83
219.85999999999967	5914.58
218.85999999999967	4852.09
217.85999999999967	4300.38
216.85999999999967	3826.81
215.85999999999967	3313.36
214.85999999999967	2862.72
213.85999999999967	2885.97
212.85999999999967	2665.47
211.85999999999967	2602.28
210.85999999999967	2643.32
209.85999999999967	2626.22
208.85999999999967	2757.84
207.85999999999967	2865.44
206.85999999999967	2861.43
205.85999999999967	2757.13
204.85999999999967	2893.3
203.85999999999967	3104.78
202.85999999999967	3278.88
201.85999999999967	3502.0
200.85999999999967	3382.37
199.85999999999967	3045.68
198.85999999999967	2569.37
197.85999999999967	2323.51
196.85999999999967	2377.37
195.85999999999967	2288.33
194.85999999999967	2285.93
193.85999999999967	2218.09
192.85999999999967	2224.04
191.85999999999967	2206.59
190.85999999999967	2208.88
189.85999999999967	2183.4
188.85999999999967	2133.2
187.85999999999967	2203.84
186.85999999999967	2204.54
185.85999999999967	2246.28
184.85999999999967	2317.43
183.85999999999967	2311.0
182.85999999999967	2327.09
181.85999999999967	2276.26
180.85999999999967	2333.72
179.85999999999967	2259.69
178.85999999999967	2278.5
177.85999999999967	2370.34
176.85999999999967	2374.78
175.85999999999967	2381.1
174.85999999999967	2423.0
173.85999999999967	2359.01
172.85999999999967	2365.47
171.85999999999967	2460.49
170.85999999999967	2440.34
169.85999999999967	2367.36
168.85999999999967	2310.56
167.85999999999967	2252.52
166.85999999999967	2372.2
165.85999999999967	2389.12
164.85999999999967	2466.91
163.85999999999967	2478.0
162.85999999999967	2460.27
161.85999999999967	2529.7
160.85999999999967	2602.36
159.85999999999967	2731.61
158.85999999999967	2661.0
157.85999999999967	2701.89
156.85999999999967	2651.49
155.85999999999967	2527.5
154.85999999999967	2500.95
153.85999999999967	2371.73
152.85999999999967	2249.96
151.85999999999967	2180.36
150.85999999999967	2054.92
149.85999999999967	2052.78
148.85999999999967	1969.13
147.85999999999967	1991.13
146.85999999999967	2066.37
145.85999999999967	2172.89
144.85999999999967	2358.11
143.85999999999967	2600.32
142.85999999999967	3061.04
141.85999999999967	3238.05
140.85999999999967	3041.11
139.85999999999967	2833.17
138.85999999999967	3099.88
137.85999999999967	3655.4
136.85999999999967	3469.49
135.85999999999967	2680.33
134.85999999999967	1703.02
133.85999999999967	1204.53
132.85999999999967	973.101
131.85999999999967	845.371
130.85999999999967	820.61
129.85999999999967	753.454
128.85999999999967	745.603
127.85999999999967	725.926
126.85999999999967	713.782
125.85999999999967	694.86
124.85999999999967	688.277
123.85999999999967	671.256
122.85999999999967	681.493
121.85999999999967	699.729
120.85999999999967	627.432
119.85999999999967	715.294
118.85999999999967	775.417
117.85999999999967	722.82
116.85999999999967	732.397
115.85999999999967	732.822
114.85999999999967	668.165
113.85999999999967	689.531
112.85999999999967	698.63
111.85999999999967	707.57
110.85999999999967	734.693
109.85999999999967	723.696
108.85999999999967	682.708
107.85999999999967	704.812
106.85999999999967	679.726
105.85999999999967	712.179
104.85999999999967	725.445
103.85999999999967	700.776
102.85999999999967	713.276
101.85999999999967	742.991
100.85999999999967	720.669
99.85999999999967	734.409
98.85999999999967	809.101
97.85999999999967	752.3
96.85999999999967	786.455
95.85999999999967	759.27
94.85999999999967	723.035
93.85999999999967	769.573
92.85999999999967	796.419
91.85999999999967	800.079
90.85999999999967	778.035
89.85999999999967	796.093
88.85999999999967	829.878
87.85999999999967	829.878
86.85999999999967	772.326
85.85999999999967	755.119
84.85999999999967	808.283
83.85999999999967	802.728
82.85999999999967	817.298
81.85999999999967	836.207
80.85999999999967	841.312
79.85999999999967	794.064
78.85999999999967	883.253
77.85999999999967	808.316
76.85999999999967	847.86
75.85999999999967	860.247
74.85999999999967	907.848
73.85999999999967	904.293
72.85999999999967	865.661
71.85999999999967	830.323
70.85999999999967	828.868
69.85999999999967	828.68
68.85999999999967	811.321
67.85999999999967	827.732
66.85999999999967	844.566
65.85999999999967	832.841
64.85999999999967	894.041
63.85999999999967	873.852
62.85999999999967	895.007
61.85999999999967	941.462
60.85999999999967	962.089
59.85999999999967	992.359
58.85999999999967	1092.26
57.85999999999967	1220.84
56.85999999999967	1186.48
55.85999999999967	1156.13
54.85999999999967	1044.74
53.85999999999967	946.506
52.85999999999967	830.319
51.85999999999967	754.622
50.85999999999967	659.49
49.85999999999967	660.618
48.85999999999967	691.608
47.85999999999967	667.726
46.85999999999967	684.116
45.85999999999967	692.239
44.85999999999967	717.272
43.85999999999967	774.715
42.85999999999967	794.397
41.85999999999967	899.4
40.85999999999967	1097.59
39.85999999999967	1648.78
38.85999999999967	2930.12
37.85999999999967	2989.74
36.85999999999967	1583.46
35.85999999999967	539.043
34.85999999999967	231.867
33.85999999999967	183.522
32.85999999999967	164.037
31.859999999999673	134.26
30.859999999999673	125.596
29.859999999999673	126.255
28.859999999999673	131.361
27.859999999999673	132.077
26.859999999999673	137.533
25.859999999999673	155.594
24.859999999999673	150.566
23.859999999999673	143.484
22.859999999999673	157.931
21.859999999999673	155.034
20.859999999999673	154.863
19.859999999999673	139.77
18.859999999999673	158.789
17.859999999999673	150.893
16.859999999999673	123.785
15.859999999999673	115.678
14.859999999999673	117.083
13.859999999999673	119.343
12.859999999999673	137.872
11.859999999999673	133.065
10.859999999999673	149.019
9.859999999999673	127.142
8.859999999999673	152.956
7.859999999999673	151.396
6.859999999999673	153.331
5.859999999999673	144.868
4.859999999999673	131.086
3.8599999999996726	101.918
2.8599999999996726	104.191
1.8599999999996726	138.416
0.8599999999996726	152.842
-0.14000000000032742	173.778
-1.1400000000003274	175.328
-2.1400000000003274	134.287
-3.1400000000003274	61.43
-4.140000000000327	20.2715
-5.140000000000327	4.97921
-6.140000000000327	2.33141
-7.140000000000327	1.44408
-8.140000000000327	1.27959
-9.140000000000327	0.0
